evaluation.csv
graph.csv
graph.csv
graph.csv
graph.csv
0.017504631343438708
0.00488814221851607
0.0025917583485078927
0.004833493068024359
0.0031542982522005155
0.01116392459220688
0.007402174537112705
0.003972830609252883
0.008156899796190848
0.013322005339825286
0.001982023484053903
0.010648723521502168
0.005006155488778017
0.006360446495030388
0.0046334946673575765
0.0067114684843752855
0.008156899796190848
0.02432373726875744
0.00264574447618271
0.0
graph.csv
0.012703717352976124
0.0076350740314064525
0.006922988217298186
0.0072019684555471395
0.004864094077515824
0.008872587248729436
0.005869493111803926
0.008108614433730538
0.013347819348597828
0.014576740822759572
0.005104554638118655
0.007944351657410175
0.005962016719872626
0.00835682245577492
0.0053202810388391355
0.005982524722110604
0.008156899796190848
0.02432373726875744
0.00264574447618271
0.0
graph.csv
0.013808845183748012
0.01445686754732237
0.007016067227324023
0.00575803997561586
0.00919985656136598
0.01923741451425373
0.010008586836772007
0.017779327240865405
0.01929997996693767
0.0024352481889674104
0.0019122307218471426
0.0020234286740404435
0.00588916641317315
0.017485156556286956
0.00699016907471088
0.014210720932004801
0.00012543173678079977
0.023546705118277608
0.02360364361832118
0.0
graph.csv
0.02301313782933793
0.015574428538588512
0.0077374155424284954
0.0038658186889586527
0.002266986334660596
0.024713139697658388
0.010284795168231975
0.016604979463211014
0.00012543173678079977
0.00024203320414012674
4.5324426830364606e-05
5.539855064578626e-05
7.911389058858073e-05
0.01706237562689447
0.0002180498001277849
0.002738880580011193
0.00012543173678079977
0.023546705118277608
0.02360364361832118
0.0
graph.csv
0.029600389808232864
0.018965792726754614
0.0066310598917469436
0.01247627078183037
0.018972056082949156
0.019191618897520097
0.013929959780553607
0.011649169697260466
0.018638596693381124
0.021634051572709728
0.004729650354585037
0.007423461533876844
0.0072624172214573
0.01673413128386497
0.012519583702577117
0.01279165170497979
0.01863859669338112
0.05753204663273001
0.02530919304889347
0.0
graph.csv
0.03116562036106016
0.01803931531694582
0.02042911074714036
0.026175726417050512
0.034063673923683695
0.01711432385321226
0.019131948582914622
0.026035562087747002
0.033935184922711914
0.02202855615662196
0.00794547950363774
0.008133544738148847
0.019766225970533274
0.018888019201867407
0.0265856940632131
0.02577529810345731
0.01863859669338112
0.05753204663273001
0.02530919304889347
0.0
graph.csv
0.036172441019469606
0.02487591691075673
0.023873677095452992
0.04502378240675259
0.038212884760100874
0.026684358161965016
0.0293245710755536
0.028675425246054098
0.0382761363410413
0.024242843689373215
0.008646640545179572
0.009600503371049087
0.03883733208115562
0.0402571359291094
0.023070311998450048
0.03916362174125104
0.01863859669338112
0.05753204663273001
0.02530919304889347
0.0
graph.csv
0.05737048954729052
0.05267976421642578
0.0491601413358095
0.0570714809088003
0.06227150060922532
0.05603915294868825
0.05130267987343536
0.05516077954640829
0.0592099608832574
0.07178621109894602
0.017645362266990358
0.01813994369474057
0.0628727690369852
0.056345709358157435
0.04320456951080233
0.05739366248405304
0.01863859669338112
0.05753204663273001
0.02530919304889347
0.0
graph.csv
0.04735262379345966
0.05028906572915025
0.04443221781052217
0.07930134535130738
0.04483643141931736
0.07041052600826424
0.03839069251108613
0.054210116014655134
0.06328664257987689
0.07227406933660825
0.017021152994580836
0.006594108315891279
0.048615855348278114
0.04916830651713411
0.03600634974956409
0.04528883208660742
0.005415076099154175
0.07107575158680987
0.04046873272703493
0.0
graph.csv
0.041979827241722244
0.04159211235950936
0.04275619589150627
0.044254159691226015
0.046048671515679235
0.050656278895017476
0.037642295052785275
0.0398521704684244
0.0397835687282744
0.012303569143629992
0.012725012936108726
0.009650261239655561
0.03890357558538121
0.0465123858364014
0.04325896476204138
0.0401622376804936
0.005415076099154175
0.07107575158680987
0.04046873272703493
0.0
graph.csv
0.0727786047167175
0.07057460803075132
0.04475326027117707
0.060870908436339084
0.06944196291746522
0.07201301961164118
0.0494615553391321
0.056466008001858366
0.07280120843442099
0.09071749414965061
0.020650044230725112
0.0072914715918926416
0.06675786655643999
0.0744980330138604
0.044397374282640095
0.06314650045578953
0.005415076099154175
0.07107575158680987
0.04046873272703493
0.0
graph.csv
0.06852869150149506
0.06838805096313011
0.06575094450723315
0.06754446635823656
0.06602809323975409
0.0526847907461629
0.06105657244445444
0.04624919822455968
0.06395913614113737
0.014286698373957131
0.009719657712471136
0.005877269614567683
0.06553217999937698
0.06558427915848668
0.022203346068260195
0.0647009525789362
0.019919108272383093
0.015036827025279286
0.02381778437769408
0.0
graph.csv
0.06993599297154186
0.06848315805707766
0.073554822659579
0.07301405675198057
0.0674080569175417
0.06625724711380629
0.06190384203373063
0.055366372743596466
0.07393845813772267
0.036215825883441015
0.008918306130043852
0.01502277070419373
0.07373138540673009
0.06627329811650401
0.057307437828682625
0.07301405675198058
0.019919108272383093
0.015036827025279286
0.02381778437769408
0.0
graph.csv
0.07664852314361001
0.07508161310215157
0.07909646905317541
0.07346931421718579
0.06722809788887604
0.07081210636468546
0.07735645066258937
0.05628953585021492
0.0737607132561493
0.04761115482722541
0.01675326841318816
0.01458517107926825
0.0819466850598444
0.07584598333180663
0.06415553697431335
0.06323190867799477
0.019919108272383093
0.015036827025279286
0.02381778437769408
0.0
graph.csv
0.015303502058151147
0.012929063068086772
0.018930739844215037
0.020724716504789457
0.014359543821217388
0.01340427799359005
0.01805609057434666
0.025383871226177166
0.017022876147565435
0.004908168843026212
0.00039467219119807787
0.0002533130527874715
0.01604974445363439
0.017692290835679244
0.0033004538947379028
0.021588697782384415
0.008923766577940272
0.0054250491622669554
0.009873736766372229
0.0
graph.csv
0.015303502058151147
0.012929063068086772
0.018930739844215037
0.020724716504789457
0.014359543821217388
0.01340427799359005
0.01805609057434666
0.025383871226177166
0.017022876147565435
0.004908168843026212
0.00036341053838892664
9.52429609618449e-05
0.009308422891318259
0.012163521563813494
0.013472284476501095
0.011517660987926637
0.008923766577940272
0.0054250491622669554
0.009873736766372229
0.0
graph.csv
0.07664852314361001
0.07508161310215157
0.07909646905317541
0.07346931421718579
0.06722809788887604
0.07081210636468546
0.07735645066258937
0.05628953585021492
0.0737607132561493
0.04761115482722541
0.012182380691402594
0.016203001314036018
0.07680755807273365
0.07942691637485623
0.06415553697431335
0.06989442487922125
0.019919108272383093
0.015036827025279286
0.02381778437769408
0.0
graph.csv
0.07664852314361001
0.07508161310215157
0.07909646905317541
0.07346931421718579
0.06722809788887604
0.07081210636468546
0.07735645066258937
0.05628953585021492
0.0737607132561493
0.04761115482722541
0.017654283319005152
0.012674547472680488
0.07680755807273364
0.07523268005941393
0.06415553697431337
0.07087954900826558
0.019919108272383093
0.015036827025279286
0.02381778437769408
0.0
graph.csv
0.06852869150149506
0.06838805096313011
0.06575094450723315
0.06754446635823656
0.06602809323975409
0.0526847907461629
0.06105657244445444
0.04624919822455968
0.06395913614113737
0.014286698373957131
0.0012353042583193915
0.005746783321433629
0.06348107630012091
0.06558427915848668
0.022203346068260195
0.0647009525789362
0.019919108272383093
0.015036827025279286
0.02381778437769408
0.0
graph.csv
0.01901430250948277
0.0287936884782559
0.024562579399333154
0.010777909133815032
0.044661517640614594
0.02607145155836897
0.04104103727519556
0.0056915970896270025
0.006368054341216946
0.007394099030360794
0.007666383947322822
0.0042578129860064845
0.03200739650413457
0.02651399219949625
0.03634287073745264
0.03872479130946125
0.0137291634685478
0.01565683049368963
0.020951508640131004
0.0
graph.csv
0.01901430250948277
0.0287936884782559
0.024562579399333154
0.010777909133815032
0.044661517640614594
0.02607145155836897
0.04104103727519556
0.0056915970896270025
0.006368054341216946
0.007394099030360794
0.007666383947322822
0.0042578129860064845
0.021873207794609342
0.026513992199496246
0.014050494061067622
0.015722013480236233
0.0137291634685478
0.01565683049368963
0.020951508640131004
0.0
graph.csv
0.042046272558915083
0.0551037645711883
0.031719063770583825
0.03788408714314008
0.05023633897845058
0.030454401577614837
0.04983464566766434
0.028811383249746764
0.04583242003168641
0.0195291268111892
0.013598739261482154
0.013284201246293885
0.04497193773448349
0.05074751996949649
0.038123002419909645
0.03560142849398169
0.0137291634685478
0.01565683049368963
0.020951508640131004
0.0
