graph.csv
-0.011701798419728363
-0.004635993586046045
-0.0006725119913516498
0.0011925554830458781
0.009058331727904309
-0.017207879190511213
-0.001330030291615483
0.007859177524187437
0.028616213731288063
0.032603831092694484
-0.002384925018778957
0.006254211979929613
-0.0020578684097690577
-0.004840430798409011
-3.7358902749216538e-06
0.0030424082468576176
0.028616213731288063
-0.003415713224911129
-0.005965612578971187
0.0
graph.csv
0.005245529616402643
0.00466579661491127
0.0014120892769309383
0.0022788269193544813
-9.509065340512813e-05
-0.0006924339295298114
0.005803191863705742
0.011663100365344235
0.007072606885798956
0.028436899535957627
0.0019081133792194754
0.002845220826240503
0.0010202098187187892
0.005312170789606799
0.0015122949378200458
-0.0010322191020139186
0.028616213731288063
-0.003415713224911129
-0.005965612578971187
0.0
graph.csv
0.001411311803658155
0.01319777057329262
0.00126793299597404
0.0022813195358538704
-0.007055264684446392
-0.0016044576178683215
0.01800043840994876
0.025172781205213764
-0.016307383305402563
0.009533212487408937
-0.005760705721318187
0.002083843498075072
-0.0023251724423092577
0.015889209972493903
0.0032184738602994917
0.0006968551407007932
0.004072172338138725
-0.017752731854385636
0.020727537851367227
0.0
graph.csv
-0.030113920315111658
-0.014977529154239817
-0.0010502989177035875
0.0008477925495758387
0.015103200665358828
-0.03937405042092386
-0.0079130186677538
0.04366087851748622
0.004072172338138725
0.005501061917447192
-0.0013972423452937549
-0.001533135130662701
0.0006133536275732431
-0.013640193623967926
-0.0015061599869670896
-0.000920359490892421
0.004072172338138725
-0.017752731854385636
0.020727537851367227
0.0
graph.csv
0.026276910584984374
0.020634665559917772
0.002471667974314749
0.0015590591221657363
0.006840761090855262
0.029350686109196444
0.003271245645366183
0.006908507429978895
0.009874058543144755
0.009629123706813798
-0.0035145676810416234
0.0006651556656871316
0.0025107603057751317
0.016371194391382703
0.0009967228686726022
0.0020960745420658096
0.009874058543144755
0.021503552259026126
0.013462333669515108
0.0
graph.csv
0.012506037878056042
0.0010015419206093883
0.004668663912764666
0.0019276204113915462
0.01734818494186913
0.008262983467212397
0.0008075441557826901
0.0034903736725799247
0.023106781374957898
0.009925317303295027
-0.00845272364578247
0.00016810844547902198
0.007744141039471699
0.0021534330242175387
0.010949797929682406
0.002114580577579017
0.009874058543144755
0.021503552259026126
0.013462333669515108
0.0
graph.csv
0.013196092191974164
0.005681937659757158
0.004370491302604027
0.018801451019043
0.019825964865054405
0.0021438816063725267
0.007427103097389458
0.003275792797017966
0.01682806140342079
0.009527764636823343
-4.7797020853601936e-05
-0.0012971271238162686
0.02098696988675623
0.016896312910193223
0.004701574707279067
0.012774096383096229
0.009874058543144755
0.021503552259026126
0.013462333669515108
0.0
graph.csv
0.007894392913388308
0.007396604373243998
0.006296660494176424
0.013628395396503373
0.004753912056062071
0.004435566469062301
0.0015522850072619083
0.014396877319649259
0.010548039019388418
0.04769311066552951
0.002132895892013357
0.004265731263530712
0.008156358998836667
0.010267713177075116
4.658301722097706e-05
0.012532442356545288
0.009874058543144755
0.021503552259026126
0.013462333669515108
0.0
graph.csv
0.010632556148316095
0.01223078741016281
0.008022107629115309
0.04829362152714938
0.016978747502336567
0.0348085029641105
0.011563400720018227
0.023393121534110967
0.03453311887608499
0.09164958631782977
0.002915181966118914
-0.0014685725031749902
0.004495377204999079
0.011669169733289126
0.006641514735658393
0.016767929659441082
0.01006362607538137
0.03411629940455103
0.014781176243049103
0.0
graph.csv
0.011230765841754583
0.007906422969132786
0.010403134975239087
0.01782650099889203
0.01900421306688962
0.01649888085939771
0.01063383351319591
0.014933526994258189
0.014292819375378324
0.002608625755914622
0.005289373199143042
6.375653960517527e-05
0.007785627531120062
0.03466898235291461
0.013509795879258135
0.014616842223907895
0.01006362607538137
0.03411629940455103
0.014781176243049103
0.0
graph.csv
0.019157020169726625
0.02017420692459161
0.004486317392524813
0.018167103414783208
0.012015789943771091
0.01624757680811845
0.005506685125400263
0.012920626516212284
0.01667094806543236
0.1187010927864615
0.013961873177842225
2.3656945490626193e-05
0.011994997535673896
0.01959172029567975
0.007588415418690907
0.018495488782193047
0.01006362607538137
0.03411629940455103
0.014781176243049103
0.0
graph.csv
0.02114370330902324
0.01670206196724933
0.04562493139319135
0.04351305997568556
0.03312040258118688
0.03065410127266615
0.037791182907580156
0.022118145875466993
0.027116361036221913
0.012439727972054289
0.0014138318704064268
0.0022969569364533465
0.03873350933243417
0.01817608382711015
0.031100436465529437
0.043091910210249364
0.014794404281729484
0.018752048212461493
0.03905976892790599
0.0
graph.csv
0.03058422566764427
0.027374102337643383
0.025804384376052866
0.03519536893979873
0.03465092794974223
0.024549612980767067
0.04098162917908981
0.02116713480038998
0.02409875418423544
0.019880996048475142
-0.0016227075699005375
-0.0027138700683923076
0.03759051527215448
0.030761644997375732
0.04224867243198209
0.03519536893979873
0.014794404281729484
0.018752048212461493
0.03905976892790599
0.0
graph.csv
0.03575621598013196
0.03773424795676233
0.03477248094921295
0.019194869065367177
0.04303573800346713
0.039225105616379506
0.02155238944468532
0.020622183936042465
0.03320392497092568
0.02282308674610421
-0.002135616516381702
0.0010845303621156766
0.05854662428007517
0.045385790922770675
0.021129919775310972
0.02659298915302344
0.014794404281729484
0.018752048212461493
0.03905976892790599
0.0
graph.csv
0.03098011843749589
0.0343268292638317
0.07351359971342483
0.07802668761097839
0.01720700045077734
0.009384997951198553
0.072015049878658
0.08762960241636353
0.02420187998793837
-0.013700087150686225
-0.0007493971128417087
-0.001060245191922066
0.010892273151043344
0.03800679176778286
0.027499213809908926
0.07927808822114096
0.004858193883397978
-0.01254007677938785
0.016371023817568303
0.0
graph.csv
0.03098011843749589
0.0343268292638317
0.07351359971342483
0.07802668761097839
0.01720700045077734
0.009384997951198553
0.072015049878658
0.08762960241636353
0.02420187998793837
-0.013700087150686225
-0.00033941015157076224
-0.0010053612429968635
0.029032957200477487
0.04834104231288653
0.05963837914183134
0.04936151152270954
0.004858193883397978
-0.01254007677938785
0.016371023817568303
0.0
graph.csv
0.03575621598013196
0.03773424795676233
0.03477248094921295
0.019194869065367177
0.04303573800346713
0.039225105616379506
0.02155238944468532
0.020622183936042465
0.03320392497092568
0.02282308674610421
0.0012692836079948625
0.0005190222902378029
0.012221251280321886
0.04759299233506459
0.021129919775310972
0.01282520487125125
0.014794404281729484
0.018752048212461493
0.03905976892790599
0.0
graph.csv
0.03575621598013196
0.03773424795676233
0.03477248094921295
0.019194869065367177
0.04303573800346713
0.039225105616379506
0.02155238944468532
0.020622183936042465
0.03320392497092568
0.02282308674610421
-0.0003730879809391093
-0.0003222841383625437
0.012221251280321886
0.04258937687067317
0.021129919775310972
0.02305064990729178
0.014794404281729484
0.018752048212461493
0.03905976892790599
0.0
graph.csv
0.02114370330902324
0.01670206196724933
0.04562493139319135
0.04351305997568556
0.03312040258118688
0.03065410127266615
0.037791182907580156
0.022118145875466993
0.027116361036221913
0.012439727972054289
-0.0017812393933475754
-0.00201002037397639
0.038024829433187815
0.01817608382711015
0.031100436465529437
0.043091910210249364
0.014794404281729484
0.018752048212461493
0.03905976892790599
0.0
